Time [s],Lmtc [m],STIM [ ],Fsee [N],Gamma [ ],Lcerel [ ],q [ ]
0.0,0.01980897571466494,1.0,10.013100726620463,0.21944569658663232,1.2333957916624247,0.7522971198838723
0.001,0.019766118571807798,1.0,8.216160687223283,0.23801527913121606,1.2327809968729986,0.7970237729387524
0.002,0.019723261428950655,1.0,7.165206457286811,0.2561430828473767,1.2312204529622517,0.8314023835210804
0.003,0.019680404286093512,1.0,6.568690793893745,0.27383962361555503,1.228998835791393,0.8580841448109475
0.004,0.01963754714323637,1.0,6.2454852770451845,0.2911151585562083,1.2263409016835063,0.8790486439758115
0.005,0.019594690000379226,1.0,6.085878693918795,0.30797970566451077,1.223406237910819,0.8957338332010097
0.006,0.019551832857522083,1.0,6.024299155219759,0.3244430406213735,1.2203002885223482,0.9091786184319202
0.007,0.01950897571466494,1.0,6.020979519487639,0.34051470704654746,1.2170910431992068,0.9201385358369983
0.008,0.0194661185718078,1.0,6.05152099082446,0.35620402672086665,1.2138216521514016,0.9291689302885241
0.009000000000000001,0.019423261428950657,1.0,6.101165733265929,0.3715200936203314,1.2105186239664842,0.9366828375190288
0.01,0.019380404286093514,1.0,6.1609046920513,0.38647177941773403,1.2071981997845258,0.9429914060713119
0.011,0.01933754714323637,1.0,6.225018126881583,0.40106777818624767,1.203870632853058,0.9483319884748654
0.012,0.019294690000379228,1.0,6.290450350338999,0.4153165204120202,1.2005413488247623,0.9528874436048276
0.013000000000000001,0.019251832857522085,1.0,6.355147376072647,0.4292262824885442,1.197213929410534,0.9568004553420532
0.014,0.01920897571466494,1.0,6.418064481173401,0.44280514224445766,1.1938901455757471,0.9601833125357033
0.015,0.0191661185718078,1.0,6.478734569413746,0.45606091308359537,1.190570744723419,0.9631252214515681
0.016,0.019123261428950655,1.0,6.536863968254351,0.46900136768347056,1.187256166620132,0.9656977702840447
0.017,0.019080404286093512,1.0,6.592452298395683,0.4816339999030063,1.1839463477093375,0.9679587701503585
0.018000000000000002,0.01903754714323637,1.0,6.645600624097023,0.4939660403669255,1.1806410568408034,0.969955290192526
0.019,0.018994690000379226,1.0,6.696412714827606,0.506004609972226,1.1773400648119945,0.9717259650426073
0.02,0.018951832857522083,1.0,6.745058104143358,0.5177569137803133,1.1740430379348157,0.9733027325302213
0.021,0.01890897571466494,1.0,6.791695041590102,0.5292297047901384,1.1707496684150622,0.974712090570437
0.022,0.018866118571807797,1.0,6.836465891617891,0.5404294747202008,1.1674596810506244,0.9759761811994856
0.023,0.018823261428950654,1.0,6.8795161340989415,0.5513627152889999,1.1641728006393925,0.9771136403781207
0.024,0.018780404286093514,1.0,6.920984931615714,0.5620358047684527,1.160888767235911,0.9781402229949784
0.025,0.01873754714323637,1.0,6.961002241871502,0.5724551142214935,1.1576073403524887,0.9790693273204041
0.026000000000000002,0.018694690000379228,1.0,6.999663283118556,0.5826266085006238,1.1543283404981117,0.9799123621250411
0.027,0.018651832857522085,1.0,7.037049727746491,0.5925560469662379,1.1510516132461137,0.9806791032772691
0.028,0.01860897571466494,1.0,7.073244672950644,0.6022491889787301,1.147777004169828,0.9813779809396438
0.029,0.0185661185718078,1.0,7.108326502164058,0.6117116878824804,1.144504368743551,0.9820162853169551
0.03,0.018523261428950655,1.0,7.142362501311958,0.6209491964537045,1.141233582512262,0.9826003551536132
0.031,0.018480404286093512,1.0,7.1754012339939655,0.629966992962704,1.1379645531632194,0.9831356919299292
0.032,0.01843754714323637,1.0,7.207485009963221,0.6387701870321703,1.1346971998069866,0.9836271015487812
0.033,0.018394690000379226,1.0,7.238656811121298,0.647363888284795,1.1314314415541264,0.9840788082423501
0.034,0.018351832857522083,1.0,7.26895696496834,0.6557531074932623,1.128167202842872,0.984494529967813
0.035,0.01830897571466494,1.0,7.298420167692425,0.6639428597209853,1.124904418140231,0.9848775566690702
0.036000000000000004,0.018266118571807797,1.0,7.32707181977715,0.6719378160925946,1.1216430377035147,0.9852307846041282
0.037,0.018223261428950654,1.0,7.354934486627983,0.6797425097927255,1.1183830169962357,0.985556782648573
0.038,0.018180404286093514,1.0,7.382031092455173,0.6873614740060138,1.1151243114819065,0.9858578436882289
0.039,0.01813754714323637,1.0,7.408382346491163,0.6947990808131653,1.1118668807251495,0.9861360097923485
0.04,0.018094690000379228,1.0,7.434008704046598,0.7020599041350206,1.1086106851936557,0.9863931257014938
0.041,0.018051832857522085,1.0,7.458924369851294,0.7091481018402406,1.1053556958103314,0.9866308265421958
0.042,0.018008975714664942,1.0,7.483141136752229,0.7160676290345683,1.1021018877252502,0.9868505753246729
0.043000000000000003,0.0179661185718078,1.0,7.506671009999954,0.722822440823747,1.0988492360884858,0.9870536944559916
0.044,0.017923261428950656,1.0,7.52952619962195,0.7294164923135196,1.0955977160501114,0.9872413819042868
0.045,0.017880404286093513,1.0,7.551715788656802,0.735853622429197,1.0923473080387684,0.9874147192859318
0.046,0.01783754714323637,1.0,7.573254012347381,0.7421377161398768,1.089097984584922,0.9875746926722804
0.047,0.017794690000379226,1.0,7.594135598267365,0.7482724311776714,1.085849749413482,0.987722190952045
0.048,0.017751832857522083,1.0,7.614344209515669,0.7542611787437696,1.0826026238726763,0.9878580145518719
0.049,0.01770897571466494,1.0,7.633863533251422,0.7601073700393601,1.079356629310733,0.9879828960390412
0.05,0.017666118571807797,1.0,7.652677286974665,0.7658144162656318,1.076111787075881,0.9880975071463795
0.051000000000000004,0.017623261428950654,1.0,7.670770260337013,0.771385659323214,1.0728681168850558,0.9882024615562056
0.052000000000000005,0.01758040428609351,1.0,7.688138564122323,0.7768244095919477,1.0696256207143129,0.9882983216551586
0.053,0.017537547143236368,1.0,7.7047823254565575,0.7821338989443165,1.0663842943875095,0.9883856019202883
0.054,0.017494690000379228,1.0,7.720702454151703,0.787317069474491,1.0631441326871185,0.9884647639576318
0.055,0.017451832857522085,1.0,7.735899980901471,0.7923768632766414,1.0599051303956122,0.988536234476179
0.056,0.017408975714664942,1.0,7.750376055689036,0.797316222444938,1.0566672822954635,0.9886004085843209
0.057,0.0173661185718078,1.0,7.764131899683134,0.8021380542061102,1.0534305832419943,0.9886576511932561
0.058,0.017323261428950656,1.0,7.777169697059625,0.8068451602209815,1.0501950267651774,0.9887082965601428
0.059000000000000004,0.017280404286093513,1.0,7.789492325852739,0.8114404332939359,1.0469606054932594,0.9887526595476518
0.06,0.01723754714323637,1.0,7.80110182634431,0.815926401640751,1.0437273135459082,0.9887910178737259
0.061,0.017194690000379226,1.0,7.812000350846375,0.8203055934772044,1.0404951450427913,0.9888236303551665
0.062,0.017151832857522083,1.0,7.822190161962172,0.8245805370190736,1.037264094103576,0.9888507385647932
0.063,0.01710897571466494,1.0,7.831673630854736,0.8287537604821361,1.0340341548479304,0.9888725683382135
0.064,0.017066118571807797,1.0,7.8404528505668205,0.8328276544962853,1.030805321995429,0.9888893253664791
0.065,0.017023261428950654,1.0,7.8485302846685725,0.836804752116907,1.0275775898510349,0.9889012083214153
0.066,0.01698040428609351,1.0,7.855907631884431,0.8406872883874834,1.0243509540712707,0.9889083915052278
0.067,0.016937547143236368,1.0,7.86258650665694,0.8444774303609395,1.0211254105997227,0.9889110357034604
0.068,0.016894690000379225,1.0,7.868568622085697,0.8481773450901994,1.017900955379977,0.9889092919428556
0.069,0.016851832857522085,1.0,7.873855788766736,0.851789199628188,1.0146775843556193,0.9889033023035746
0.07,0.016808975714664942,1.0,7.878436262462827,0.8553151032121331,1.0114553146923457,0.9888931993147162
0.07100000000000001,0.0167661185718078,1.0,7.882336980451506,0.8587571663331229,1.0082341035633868,0.9888791051862991
0.07200000000000001,0.016723261428950656,1.0,7.885579858582658,0.862117429788224,1.005013916128073,0.9888611328024834
0.073,0.016680404286093513,1.0,7.888133232802706,0.8653977510606541,1.001794800949605,0.9888393853437656
0.074,0.01663754714323637,1.0,7.88996550672318,0.8685999876336311,0.9985768065911834,0.9888139603329338
0.075,0.016594690000379227,1.0,7.891045165604473,0.8717259969903729,0.9953599816160091,0.9887849501047457
0.076,0.016551832857522084,1.0,7.891340790958467,0.8747776366140972,0.9921443745872829,0.9887524422440148
0.077,0.01650897571466494,1.0,7.890812609245874,0.8777566360537276,0.9889300472199413,0.9887165154352262
0.078,0.016466118571807797,1.0,7.8893909118391425,0.8806648696137247,0.985717107936046,0.9886772525948155
0.079,0.016423261428950654,1.0,7.887062739294812,0.883503940950017,0.982505577246571,0.988634717726684
0.08,0.01638040428609351,1.0,7.883816722429042,0.8862754421990332,0.9792954734438009,0.988588970936106
0.081,0.016337547143236368,1.0,7.879641660783154,0.8889809654972023,0.9760868148200207,0.9885400692844168
0.082,0.016294690000379225,1.0,7.874526529521909,0.8916221029809532,0.9728796196675151,0.9884880670511034
0.083,0.016251832857522082,1.0,7.86846269662778,0.8942003285822177,0.9696739028404002,0.9884330109724794
0.084,0.01620897571466494,1.0,7.861448944920163,0.8967172929662146,0.9664696679422894,0.9883749521205012
0.085,0.016166118571807796,1.0,7.853484808958354,0.8991744886329198,0.963266917681668,0.9883139329428934
0.08600000000000001,0.016123261428950656,1.0,7.8445706449625145,0.9015732499047301,0.960065653762605,0.988249987384759
0.08700000000000001,0.016080404286093513,1.0,7.834706985545202,0.9039149111040422,0.9568658778891697,0.9881831475681679
0.088,0.01603754714323637,1.0,7.823894540377791,0.9062008065532532,0.953667591765431,0.9881134439535115
0.089,0.015994690000379227,1.0,7.812134196856315,0.90843227057476,0.950470797095458,0.9880409054938746
0.09,0.015951832857522084,1.0,7.799427020768326,0.9106106374909594,0.9472754955833198,0.9879655597830261
0.091,0.01590897571466494,1.0,7.785774002211686,0.9127371361182857,0.9440816893314684,0.9878874287921091
0.092,0.015866118571807798,1.0,7.771177645691834,0.9148131132219095,0.9408893783546884,0.9878065381956246
0.093,0.015823261428950654,1.0,7.7556397449299,0.9168397924272362,0.9376985640575023,0.9877229075820456
0.094,0.01578040428609351,1.0,7.739161695053396,0.9188182745999061,0.9345092487518928,0.987636550451146
0.095,0.015737547143236368,1.0,7.721745074297642,0.9207496606055591,0.9313214347498423,0.9875474793953709
0.096,0.015694690000379225,1.0,7.703391644915798,0.9226350513098353,0.9281351243633336,0.9874557061961906
0.097,0.015651832857522082,1.0,7.684103354091206,0.9244755475783746,0.9249503199043492,0.9873612419177729
0.098,0.01560897571466494,1.0,7.663882334851302,0.9262722502768174,0.9217670236848716,0.9872640969982344
0.099,0.015566118571807798,1.0,7.642730358100799,0.9280261714583046,0.9185852388832326,0.987164277506293
0.1,0.015523261428950655,1.0,7.620649896503869,0.9297384248902928,0.9154049678701807,0.9870617933946579
0.101,0.015480404286093511,1.0,7.5976428462889585,0.9314100168742211,0.9122262142282387,0.9869566495757554
0.10200000000000001,0.01543754714323637,1.0,7.573710696137068,0.9330418556652162,0.9090489824949819,0.9868488462624442
0.10300000000000001,0.015394690000379227,1.0,7.548855134908078,0.9346348495184047,0.9058732772079854,0.986738383238631
0.10400000000000001,0.015351832857522084,1.0,7.523078053457723,0.936189906688913,0.9026991029048242,0.9866252599224249
0.105,0.01530897571466494,1.0,7.496381546458564,0.9377079354318678,0.8995264641230736,0.9865094754284731
0.106,0.015266118571807798,1.0,7.468767914226966,0.9391898440023956,0.8963553654003086,0.986391028629602
0.107,0.015223261428950655,1.0,7.440239508418263,0.9406365272282708,0.8931858115238815,0.9862699176141128
0.108,0.015180404286093512,1.0,7.41079801320757,0.9420487989739555,0.8900178086885406,0.9861461366592559
0.109,0.015137547143236368,0.0,7.379777279325889,0.9212856687577234,0.8868524361351474,0.9849324400432035
0.11,0.015094690000379225,0.0,7.343747130209441,0.8810500766438976,0.8836952330949525,0.9824202479727445
0.111,0.015051832857522082,0.0,7.302668368785184,0.8425719677280609,0.8805463230774688,0.9794987157544426
0.112,0.015008975714664939,0.0,7.256902394608976,0.8057739920535529,0.8774051907760023,0.9761042983904873
0.113,0.014966118571807798,0.0,7.206511353231663,0.7705833899186577,0.8742718088919376,0.9721648696701679
0.114,0.014923261428950655,0.0,7.151442077728828,0.7369296034154855,0.8711463456391147,0.9675987398403604
0.115,0.014880404286093512,0.0,7.091467983536592,0.7047455806321805,0.8680292639677851,0.9623140938420256
0.116,0.014837547143236368,0.0,7.026247174585255,0.6739672940806885,0.8649212332852243,0.9562084296815379
0.117,0.014794690000379227,0.0,6.955350784695669,0.6445329583812585,0.8618230895269744,0.9491681253041592
0.11800000000000001,0.014751832857522084,0.0,6.8782212801553095,0.6163844063274215,0.858735911918402,0.941068840141083
0.11900000000000001,0.014708975714664941,0.0,6.794260507470372,0.5894649560256092,0.8556608868393994,0.9317756231982846
0.12,0.014666118571807798,0.0,6.702750262543716,0.5637213202038273,0.852599450831814,0.921144758705444
0.121,0.014623261428950655,0.0,6.602932818878985,0.5391020025932255,0.8495531699925883,0.9090254957959838
0.122,0.014580404286093512,0.0,6.493985173299759,0.5155578036807371,0.8465237987167042,0.8952634859382069
0.123,0.014537547143236369,0.0,6.375030953009264,0.4930421287928955,0.8435132791742534,0.8797056310472503
0.124,0.014494690000379225,0.0,6.245204643783635,0.4715093868988008,0.8405236531666274,0.862205071243834
0.125,0.014451832857522082,0.0,6.1036105414127935,0.4509172770642511,0.8375571582217203,0.8426302678402479
0.126,0.01440897571466494,0.0,5.94942712095649,0.4312246691000162,0.8346160744898015,0.8208724397166575
0.127,0.014366118571807796,0.0,5.781903010804122,0.41239175927020677,0.8317027609700804,0.7968553187152523
0.128,0.014323261428950655,0.0,5.600459754993213,0.39438156886636433,0.8288195016801454,0.7705473564958708
0.129,0.014280404286093512,0.0,5.40470638755269,0.3771580202462409,0.8259685052290792,0.7419699240162202
0.13,0.014237547143236369,0.0,5.194487112685311,0.36068642289889263,0.8231518417962828,0.7112065393096453
0.131,0.014194690000379226,0.0,4.970102809831216,0.34493441984258677,0.8203710319783086,0.6784107836811374
0.132,0.014151832857522084,0.0,4.7321410846574095,0.3298703563488262,0.8176273578973098,0.6438066553164918
0.133,0.014108975714664941,0.0,4.48166024934485,0.31546402451288075,0.8149214811892581,0.6076875063952553
0.134,0.014066118571807798,0.0,4.220336982202761,0.30168705391958683,0.8122530614890682,0.5704096880597846
0.135,0.014023261428950655,0.0,3.9501463257330265,0.2885117234029268,0.8096213045991916,0.5323780830538152
0.136,0.013980404286093512,0.0,3.6736137668728777,0.2759117136304556,0.8070242969261999,0.49403045146553914
0.137,0.013937547143236369,0.0,3.3936755105850227,0.26386217374003373,0.8044590915122576,0.4558182263920253
0.138,0.013894690000379226,0.0,3.113361821466232,0.25233873285612973,0.8019222210206205,0.418183389777867
0.139,0.013851832857522083,0.0,2.8358239316786373,0.2413185568224232,0.7994094426137874,0.38154133626987613
0.14,0.013808975714664943,0.0,2.563890008216046,0.23077977298290922,0.796916681351133,0.34626297068382456
0.14100000000000001,0.013832052637741867,0.0,3.8459309198139855,0.22070120746097513,0.7955071325859538,0.31365677538755743
0.14200000000000002,0.01385512956081879,0.0,4.664500752305732,0.21106280987387444,0.7955048105208231,0.2840803409303604
0.14300000000000002,0.013878206483895712,0.0,4.951985113774293,0.20184535670494855,0.7966638959563592,0.2572589119598042
0.14400000000000002,0.013901283406972637,0.0,4.635993604477517,0.19303046362185,0.799024961368199,0.23312331147483217
0.145,0.013924360330049559,0.0,4.233881409736201,0.1846005492757343,0.8015895957422532,0.21080338930343862
0.146,0.013947437253126482,0.0,3.8552527382807886,0.1765387996977464,0.8041425709176406,0.1901324032634582
0.147,0.013970514176203404,0.0,3.5058741881928195,0.1688291486838885,0.806668682055125,0.1710844160430555
0.148,0.013993591099280328,0.0,3.185024421332905,0.16145616998052786,0.8091655795791625,0.15362030702736737
0.149,0.014016668022357251,0.0,2.8910755794571856,0.15440529888134635,0.811632918911114,0.1376839731264803
0.15,0.014039744945434173,0.0,2.6219851959812157,0.14766221463237714,0.8140715849465968,0.12320439161066579
0.151,0.014062821868511098,0.0,2.375730607086554,0.14121366813673564,0.8164827798612826,0.110101123544905
0.152,0.01408589879158802,0.0,2.150489426190564,0.13504686000915544,0.818867547558922,0.09828627417195512
0.153,0.014108975714664943,0.0,1.9447426967198045,0.12914927615685406,0.8212263835010682,0.08766741044789063
0.154,0.014132052637741867,0.0,1.7572791630086595,0.12350924198791581,0.8235590544076027,0.07815144611758464
0.155,0.01415512956081879,0.0,1.5869844041959473,0.118115619359604,0.8258651262413615,0.06964637188770062
0.156,0.014178206483895712,0.0,1.4328073318678516,0.1129575438566341,0.8281440395484541,0.06206253916940603
0.157,0.014201283406972635,0.0,1.2936958488307082,0.10802462478481877,0.8303953351632357,0.05531434036731312
0.158,0.014224360330049559,0.0,1.1685793553550305,0.10330725882399172,0.832618767238098,0.04932145845737401
0.159,0.014247437253126482,0.0,1.0564121815579381,0.09879604569334573,0.8348141882670633,0.04400847643037524
0.16,0.014270514176203404,0.0,0.9561151102047685,0.09448158540078057,0.8369818432203233,0.03930508870834914
0.161,0.014293591099280328,0.0,0.8666246110062841,0.0903555314488804,0.83912224253941,0.03514741409963838
0.162,0.014316668022357251,0.0,0.7869483466803486,0.08640984885019833,0.8412359458814558,0.031476905116560476
0.163,0.014339744945434173,0.0,0.716169073214107,0.08263655121180132,0.8433235352184972,0.02823999478005669
0.164,0.014362821868511098,0.0,0.6533799052357651,0.07902793460090624,0.8453859485603042,0.025388200045587533
0.165,0.01438589879158802,0.0,0.5977503479068964,0.07557685443494282,0.8474241658859204,0.022878013138472333
0.166,0.014408975714664943,0.0,0.5485298834634141,0.07227659595397357,0.8494391613685799,0.020670417215730777
0.167,0.014432052637741867,0.0,0.5050378501223336,0.06912053216115525,0.8514319268383014,0.018730316111036212
0.168,0.01445512956081879,0.0,0.46664014336613746,0.06610217249782187,0.8534035870146524,0.017026298640982485
0.169,0.014478206483895712,0.0,0.43276986063715955,0.06321562131290064,0.855355250518795,0.015530577609634904
0.17,0.014501283406972636,0.0,0.4029199910477057,0.06045523046882618,0.8572880154891425,0.014218431878144998
0.171,0.014524360330049559,0.0,0.3766357579767144,0.05781544618362001,0.8592029819842706,0.013067850167628493
0.17200000000000001,0.014547437253126481,0.0,0.3535042268503374,0.05529082026311273,0.8611012897269557,0.012059291442258865
0.17300000000000001,0.014570514176203406,0.0,0.3331623288200016,0.052876441329147435,0.8629840257434129,0.011175605412587558
0.17400000000000002,0.014593591099280328,0.0,0.3152865593686859,0.0505675947489852,0.8648522596268673,0.010401628251350232
0.17500000000000002,0.01461666802235725,0.0,0.2995875647837905,0.0483596480512198,0.8667070502407281,0.009723937619027224
0.176,0.014639744945434173,0.0,0.2858060630189382,0.04624802003913001,0.8685494457140542,0.009130666764110323
0.177,0.014662821868511098,0.0,0.2737172737169788,0.04422854556652079,0.8703804153708314,0.008611438319130218
0.178,0.01468589879158802,0.0,0.2631225298624052,0.042297349039144366,0.8722008854271447,0.008157147039548692
0.179,0.014708975714664943,0.0,0.25384106426195074,0.04045055486275292,0.8740117820990786,0.007759744514729597
0.18,0.014732052637741867,0.0,0.24571378969551125,0.038684453356820095,0.8758139768374834,0.00741216252922953
0.181,0.01475512956081879,0.0,0.2386007087440433,0.03699532747850729,0.8776082856133137,0.007108167358800705
0.182,0.014778206483895712,0.0,0.2323840599602347,0.035379972802648596,0.8793954196193696,0.006842357272068155
0.183,0.014801283406972635,0.0,0.2269560544080737,0.033835249822760954,0.8811760766763819,0.0066099771352282
0.184,0.014824360330049559,0.0,0.22221608087227865,0.0323580190323613,0.8829509546050812,0.006406837098957884
0.185,0.014847437253126481,0.0,0.21808049463476362,0.030945340561763155,0.884720649266381,0.006229276013500408
0.186,0.014870514176203404,0.0,0.21447480576435163,0.029594206009460312,0.8864857145028477,0.006074064279717754
0.187,0.014893591099280328,0.0,0.211338393896795,0.028302093090128513,0.8882466085703298,0.005938417348711176
0.188,0.01491666802235725,0.0,0.20861373857114435,0.027066486991005494,0.8900037878557123,0.005819883104295801
0.189,0.014939744945434173,0.0,0.2062457447717202,0.025884872899328983,0.8917577087458808,0.005716304509739695
0.19,0.014962821868511098,0.0,0.2041902570806636,0.024754926891242722,0.8935087413745256,0.005625801940276411
0.191,0.01498589879158802,0.0,0.20240791531205213,0.023674159546509945,0.8952572237858171,0.00554671082271734
0.192,0.015008975714664943,0.0,0.2008681106537449,0.022640568706571544,0.8970034202407299,0.0054776053726037655
0.193,0.015032052637741867,0.0,0.1995417542820153,0.021652183577636312,0.8987475885588054,0.005417232566591949
0.194,0.01505512956081879,0.0,0.19840046092010266,0.020707033365913046,0.900489986559585,0.005364490566415306
0.195,0.015078206483895712,0.0,0.19741721097348974,0.019803179920068824,0.9022308642971213,0.005318413412091092
0.196,0.015101283406972636,0.0,0.19657398008042268,0.018938784122372286,0.9039703877926797,0.005278158056106063
0.197,0.015124360330049559,0.0,0.19585338192733856,0.018112028077968582,0.9057087197499737,0.00524298557530981
0.198,0.015147437253126481,0.0,0.19524150791827583,0.0173213858593003,0.9074459909388789,0.00521225952403002
0.199,0.015170514176203406,0.0,0.19472462877132596,0.016565331538810027,0.9091823321292706,0.005185420021042432
0.2,0.015193591099280328,0.0,0.19428916033698712,0.015842339188940353,0.9109178740910241,0.005161975166361411
0.201,0.01521666802235725,0.0,0.19392323926366759,0.015150987695848078,0.9126527316867251,0.005141496444238019
0.202,0.015239744945434175,0.0,0.19361851063612143,0.014489757169595685,0.9143869858307252,0.005123604878938928
0.203,0.015262821868511097,0.0,0.19336726692936762,0.013857285627355397,0.9161207115798403,0.005107972656140941
0.20400000000000001,0.01528589879158802,0.0,0.1931635072237117,0.013252429154603,0.9178539674827163,0.005094317229159729
0.20500000000000002,0.015308975714664944,0.0,0.19300126196327244,0.012674043836814284,0.9195868120879984,0.005082389979831444
0.20600000000000002,0.015332052637741867,0.0,0.1928745861821894,0.012120985759465033,0.9213193039443323,0.005071972419214298
0.20700000000000002,0.01535512956081879,0.0,0.1927775536311214,0.011592111008031036,0.9230515016003635,0.005062872771321904
0.20800000000000002,0.015378206483895714,0.0,0.192705416664481,0.011086363335705547,0.9247834520258603,0.005054924294701367
0.209,0.015401283406972636,0.0,0.1926557821299216,0.010602638491528458,0.9265151788732219,0.005047979970007279
0.21,0.015424360330049559,0.0,0.1926254995548947,0.010139953138655995,0.9282467133785061,0.005041912694133057
0.211,0.015447437253126481,0.0,0.19261217284068444,0.009697470393492422,0.929978079319569,0.005036612736772889
0.212,0.015470514176203405,0.0,0.19261340868323912,0.00927435337244199,0.931709300474267,0.005031983556975167
0.213,0.015493591099280328,0.0,0.19262681559493838,0.008869765191908949,0.9334404006204564,0.00502794032314759
0.214,0.01551666802235725,0.0,0.19265000307480354,0.008482868968297546,0.9351714035359933,0.0050244085829726556
0.215,0.015539744945434173,0.0,0.19268106370383956,0.008112889687536026,0.9369023281995665,0.005021323590391991
0.216,0.015562821868511097,0.0,0.1927191691551702,0.007759023719050318,0.9386331828634671,0.005018628317025128
0.217,0.01558589879158802,0.0,0.19276306418572714,0.007420547750476174,0.940363980023842,0.0050162733982550495
0.218,0.015608975714664942,0.0,0.1928118080054918,0.0070968500682668705,0.9420947290493107,0.005014216253697481
0.219,0.015632052637741867,0.0,0.19286445955628856,0.006787318958875682,0.9438254393084924,0.0050124194216005545
0.22,0.01565512956081879,0.0,0.1929200774048098,0.006491342708755881,0.9455561201700066,0.005010849984187067
0.221,0.015678206483895712,0.0,0.1929777196588201,0.006208309604360744,0.9472867810024724,0.005009479051289337
0.222,0.015701283406972636,0.0,0.1930366621560261,0.005937687790318468,0.9490174290069427,0.005008281653655671
0.223,0.01572436033004956,0.0,0.19309653638633095,0.005678857428357768,0.9507480678486152,0.005007235489909984
0.224,0.01574743725312648,0.0,0.1931568055298876,0.005431234875108223,0.9524787028615656,0.00500632120085144
0.225,0.015770514176203405,0.0,0.19321714227722733,0.005194393067955972,0.9542093372967706,0.00500552238560491
0.226,0.01579359109928033,0.0,0.19327721911466916,0.004967904944287154,0.9559399744052073,0.00500482459653536
0.227,0.01581666802235725,0.0,0.19333670832529268,0.00475134344148791,0.9576706174378523,0.0050042151226913495
0.228,0.015839744945434175,0.0,0.19339528199266068,0.004544281496944379,0.9594012696456825,0.005003682794838391
0.229,0.015862821868511096,0.0,0.19345261200709354,0.0043462920480427,0.9611319342796747,0.005003217810269575
0.23,0.01588589879158802,0.0,0.19350837007511293,0.004156948032169014,0.9628626145908057,0.005002811575694761
0.231,0.015908975714664944,0.0,0.19356242443786328,0.003975909408099651,0.9645933118790964,0.005002456738682548
0.232,0.01593205263774187,0.0,0.19361470185730398,0.0038027262164716373,0.9663240268637195,0.005002146631902376
0.233,0.01595512956081879,0.0,0.19366503346235528,0.0036370466405102504,0.9680547612119437,0.005001875603172806
0.234,0.015978206483895713,0.0,0.19371331700736413,0.0034785840440610884,0.9697855159299081,0.0050016387917971895
0.23500000000000001,0.016001283406972634,0.0,0.19375945022757748,0.0033270517909697503,0.9715162920237526,0.005001431916229158
0.23600000000000002,0.01602436033004956,0.0,0.19380333084495896,0.003182163245081834,0.9732470904996163,0.005001251209807973
0.23700000000000002,0.016047437253126483,0.0,0.19384485657369363,0.003043631770242938,0.9749779123636391,0.005001093362909763
0.23800000000000002,0.016070514176203407,0.0,0.1938839251264055,0.002911170730298662,0.9767087586219603,0.005000955470974764
0.23900000000000002,0.016093591099280328,0.0,0.19392043422037772,0.002784493489094603,0.9784396302807193,0.005000834987904739
0.24,0.016116668022357252,0.0,0.19395434623632193,0.002663369873563676,0.9801705277054784,0.0050007297338653875
0.241,0.016139744945434173,0.0,0.19398565056794334,0.0025475040941637275,0.9819014509945592,0.005000637738860876
0.242,0.016162821868511097,0.0,0.19401429266092637,0.002436657715018691,0.983632400682146,0.0050005573259137865
0.243,0.01618589879158802,0.0,0.19404024157171934,0.002330639188802566,0.9853633770689161,0.0050004870555095254
0.244,0.016208975714664942,0.0,0.1940634664043641,0.0022292569681893505,0.9870943804555468,0.005000425659527058
0.245,0.016232052637741867,0.0,0.19408393631273443,0.0021323195058530436,0.9888254111427153,0.005000372022233066
0.246,0.01625512956081879,0.0,0.1941016205025089,0.0020396352544676437,0.990556469431099,0.00500032516317236
0.247,0.01627820648389571,0.0,0.19411648823343022,0.0019510126667071507,0.992287555621375,0.005000284221795072
0.248,0.016301283406972636,0.0,0.19412850882153584,0.001866260195245562,0.9940186700142208,0.005000248443671207
0.249,0.01632436033004956,0.0,0.1941376745527524,0.0017852595174427711,0.9957498126834121,0.005000217196662349
0.25,0.01634743725312648,0.0,0.19414397657227353,0.0017077745346210256,0.9974809837146373,0.005000189879661414
0.251,0.016370514176203405,0.0,0.19414739161708483,0.0016336159085398373,0.9992121833368929,0.005000165986428916
0.252,0.01639359109928033,0.0,0.1941479084293089,0.0015626644579983015,1.0009434116609126,0.005000145095892232
0.253,0.01641666802235725,0.0,0.19414551581568742,0.0014948010017955134,1.0026746687974304,0.00500012683633283
0.254,0.016439744945434175,0.0,0.19414020264858844,0.0014299063587305692,1.00440595485718,0.0050001108800266725
0.255,0.0164628218685111,0.0,0.19413195786662227,0.0013678613476025637,1.0061372699508955,0.005000096938404277
0.256,0.01648589879158802,0.0,0.19412077047562873,0.0013085467872105923,1.0078686141893103,0.005000084757688349
0.257,0.016508975714664944,0.0,0.1941066295495494,0.001251843496353751,1.0095999876831583,0.005000074114969409
0.258,0.016532052637741865,0.0,0.1940895242310663,0.0011976322938311345,1.0113313905431736,0.005000064814682276
0.259,0.01655512956081879,0.0,0.19406944373270393,0.0011457939984418383,1.01306282288009,0.005000056685448645
0.26,0.016578206483895713,0.0,0.1940463773376061,0.0010962094289849586,1.014794284804641,0.005000049577253303
0.261,0.016601283406972638,0.0,0.19402033976686098,0.0010488188265586932,1.0165257761762694,0.005000043366786562
0.262,0.01662436033004956,0.0,0.1939913321592585,0.0010034703863275487,1.0182572969896209,0.005000037933502239
0.263,0.016647437253126483,0.0,0.1939593473447867,0.0009600713650490543,1.0199888473223397,0.0050000331796865175
0.264,0.016670514176203403,0.0,0.19392438316450458,0.0009185514758820504,1.0217204272031206,0.005000029021840886
0.265,0.016693591099280328,0.0,0.19388643752929186,0.0008788404319853776,1.023452036660658,0.005000025386255337
0.266,0.016716668022357252,0.0,0.19384550842003204,0.0008408679465178765,1.0251836757236465,0.005000022207944181
0.267,0.016739744945434176,0.0,0.19380159388775686,0.0008045637326383876,1.0269153444207808,0.005000019429685279
0.268,0.016762821868511097,0.0,0.1937546920540662,0.0007698575035057513,1.028647042780755,0.005000017001154278
0.269,0.01678589879158802,0.0,0.19370480111114172,0.0007366789722788086,1.0303787708322643,0.0050000148781459575
0.27,0.016808975714664942,0.0,0.1936519193220751,0.0007049578521163997,1.0321105286040029,0.0050000130218752796
0.271,0.016832052637741866,0.0,0.19359604502118416,0.0006746238561773652,1.0338423161246653,0.005000011398351197
0.272,0.01685512956081879,0.0,0.19353717661400038,0.0006456066976205458,1.035574133422946,0.005000009977816762
0.273,0.016878206483895715,0.0,0.19347531555413125,0.0006179163502055772,1.0373059804980123,0.005000008737881275
0.274,0.016901283406972636,0.0,0.19341046139698337,0.0005913974459992545,1.0390378573685575,0.005000007651361491
0.275,0.01692436033004956,0.0,0.1933426132278449,0.0005660046070938353,1.0407697640586473,0.005000006699490868
0.276,0.01694743725312648,0.0,0.19327177030790374,0.0005416998561464787,1.0425017005913122,0.005000005865962445
0.277,0.016970514176203405,0.0,0.1931979319702374,0.0005184452158143435,1.0442336669895833,0.005000005136343806
0.278,0.01699359109928033,0.0,0.19312109761986282,0.0004962027087545886,1.0459656632764915,0.005000004497878325
0.279,0.017016668022357254,0.0,0.19304126673398234,0.00047493435762437303,1.0476976894750678,0.005000003939305094
0.28,0.017039744945434174,0.0,0.19295843886217776,0.0004546021850808556,1.049429745608343,0.00500000345069609
0.281,0.0170628218685111,0.0,0.1928726136266045,0.0004351682137811953,1.0511618316993483,0.005000003023309196
0.28200000000000003,0.01708589879158802,0.0,0.19278379072206764,0.00041659446638255107,1.0528939477711146,0.0050000026494558016
0.28300000000000003,0.017108975714664944,0.0,0.19269196991645232,0.0003988429655420817,1.0546260938466725,0.005000002322381746
0.28400000000000003,0.017132052637741868,0.0,0.19259715105055134,0.00038187573391694626,1.056358269949053,0.0050000020361604764
0.28500000000000003,0.01715512956081879,0.0,0.19249933403846936,0.0003656547941643035,1.0580904761012875,0.005000001785597359
0.28600000000000003,0.017178206483895713,0.0,0.192398518867857,0.00035014216894131255,1.0598227123264066,0.0050000015661441355
0.28700000000000003,0.017201283406972637,0.0,0.19229470559992234,0.00033529988090513205,1.0615549786474412,0.005000001373822612
0.28800000000000003,0.017224360330049558,0.0,0.19218789161645772,0.0003211199695171496,1.0632872751148266,0.005000001205517316
0.289,0.017247437253126482,0.0,0.19207807788626022,0.0003075541783426307,1.0650196017440532,0.005000001057990092
0.29,0.017270514176203403,0.0,0.19196526550964632,0.0002945627254482327,1.066751958550032,0.0050000009285294765
0.291,0.017293591099280328,0.0,0.19184945391627534,0.0002821264410129956,1.0684843455650506,0.005000000814969487
0.292,0.017316668022357252,0.0,0.19173064261144315,0.0002702261552159585,1.0702167628213968,0.005000000715390811
0.293,0.017339744945434173,0.0,0.19160883117646935,0.0002588426982361607,1.0719492103513586,0.0050000006280948835
0.294,0.017362821868511097,0.0,0.19148401926901898,0.00024795690025264123,1.0736816881872235,0.0050000005515803735
0.295,0.01738589879158802,0.0,0.19135620662317646,0.00023754959144443936,1.0754141963612798,0.005000000484521904
0.296,0.017408975714664942,0.0,0.19122539304983344,0.00022760160199059422,1.077146734905815,0.005000000425750827
0.297,0.017432052637741866,0.0,0.19109157843699812,0.00021809376207014499,1.0788793038531173,0.005000000374237885
0.298,0.01745512956081879,0.0,0.1909547627499095,0.00020900690186213082,1.080611903235474,0.005000000329077606
0.299,0.01747820648389571,0.0,0.1908149460313085,0.00020032185154559087,1.0823445330851733,0.0050000002894742875
0.3,0.017501283406972636,0.0,0.19067212840190434,0.00019201944129956436,1.0840771934345028,0.005000000254729418
0.301,0.01752436033004956,0.0,0.19052631006030754,0.00018408050130309044,1.0858098843157507,0.005000000224230437
0.302,0.01754743725312648,0.0,0.1903774912835231,0.00017648586173520824,1.0875426057612045,0.005000000197440681
0.303,0.017570514176203405,0.0,0.19022247896275715,0.0001692342767462943,1.0892753897529548,0.005000000173949409
0.304,0.01759359109928033,0.0,0.19008149774889366,0.00016232064404381945,1.0910080339437074,0.005000000153373916
0.305,0.01761666802235725,0.0,0.1899744069473444,0.00015568977469640542,1.0927403393548756,0.005000000135232883
0.306,0.017639744945434174,0.0,0.1899011583081282,0.00014933333064990335,1.0944723061831232,0.005000000119246466
0.307,0.0176628218685111,0.0,0.18986171263098392,0.00014324297385016449,1.0962039346251138,0.005000000105165144
0.308,0.01768589879158802,0.0,0.1898560397480201,0.00013741036624304,1.097935224877511,0.005000000092766715
0.309,0.017708975714664944,0.0,0.18988411850621853,0.00013182716977438107,1.0996661771369787,0.005000000081853557
0.31,0.017732052637741864,0.0,0.18994593674993487,0.00012648504639003888,1.1013967916001803,0.005000000072250115
0.311,0.01775512956081879,0.0,0.19004149130352674,0.00012137565803586469,1.1031270684637797,0.005000000063800637
0.312,0.017778206483895713,0.0,0.1901707879537836,0.00011649066665770966,1.1048570079244406,0.005000000056367094
0.313,0.017801283406972637,0.0,0.1903338414326532,0.00011182173420142498,1.1065866101788264,0.0050000000498273125
0.314,0.017824360330049558,0.0,0.19053067539966576,0.00010736052261286183,1.1083158754236009,0.005000000044073266
0.315,0.017847437253126482,0.0,0.19076132242469354,0.00010309869383787146,1.1100448038554278,0.005000000039009545
0.316,0.017870514176203403,0.0,0.1910258239703435,9.902790982230499e-05,1.1117733956709708,0.00500000003455197
0.317,0.017893591099280327,0.0,0.1913242303748154,9.513983251201368e-05,1.1135016510668936,0.005000000030626345
0.318,0.01791666802235725,0.0,0.19165660083431452,9.14261238528487e-05,1.1152295702398596,0.005000000027167334
0.319,0.017939744945434176,0.0,0.1920230033857608,8.787844579066125e-05,1.1169571533865328,0.005000000024117456
0.32,0.017962821868511097,0.0,0.1924235148894302,8.448846027130251e-05,1.1186844007035766,0.0050000000214261865
0.321,0.01798589879158802,0.0,0.19285822101165861,8.124782924062371e-05,1.120411312387655,0.005000000019049149
0.322,0.018008975714664942,0.0,0.19332721620739884,7.814821464447598e-05,1.1221378886354312,0.005000000016947397
0.323,0.018032052637741866,0.0,0.1938306037029707,7.518127842871059e-05,1.1238641296435692,0.005000000015086779
0.324,0.01805512956081879,0.0,0.19436849547867766,7.233868253917868e-05,1.1255900356087327,0.005000000013437369
0.325,0.018078206483895715,0.0,0.1949390068251908,6.964177511183597e-05,1.1273156265471937,0.005000000011989309
0.326,0.018101283406972635,0.0,0.1955433828567696,6.705475309891907e-05,1.1290408915543002,0.005000000010702052
0.327,0.01812436033004956,0.0,0.19618168355300386,6.457225984467969e-05,1.1307658315489206,0.005000000009556982
0.328,0.01814743725312648,0.0,0.19685384461813443,6.219133810510345e-05,1.132490448748172,0.005000000008538663
0.329,0.018170514176203405,0.0,0.19755980846217053,5.990903063617592e-05,1.13421474536917,0.005000000007633251
0.33,0.01819359109928033,0.0,0.19829952401311116,5.772238019388274e-05,1.135938723629031,0.00500000000682834
0.331,0.018216668022357253,0.0,0.19907294653122393,5.562842953420948e-05,1.1376623857448716,0.005000000006112829
0.332,0.018239744945434174,0.0,0.19988003742419064,5.362422141314176e-05,1.1393857339338078,0.005000000005476788
0.333,0.0182628218685111,0.0,0.20072076406386344,5.1706798586665176e-05,1.141108770412956,0.005000000004911351
0.334,0.01828589879158802,0.0,0.20159509960396518,4.987320381076533e-05,1.1428314973994325,0.005000000004408603
0.335,0.018308975714664943,0.0,0.2025030227993471,4.812047984142783e-05,1.1445539171103534,0.0050000000039614875
0.336,0.018332052637741868,0.0,0.20344451782639045,4.6445669434638264e-05,1.1462760317628349,0.005000000003563718
0.337,0.018355129560818792,0.0,0.2044195741047659,4.4845815346382236e-05,1.1479978435739937,0.005000000003209699
0.338,0.018378206483895713,0.0,0.20542818612052408,4.331796033264535e-05,1.1497193547609457,0.005000000002894456
0.339,0.018401283406972637,0.0,0.20647035325038327,4.185914714941321e-05,1.1514405675408073,0.005000000002613564
0.34,0.018424360330049558,0.0,0.20754607958732063,4.046641855267141e-05,1.1531614841306945,0.005000000002363096
0.341,0.018447437253126482,0.0,0.20865537376750873,3.913681729840556e-05,1.1548821067477242,0.005000000002139565
0.342,0.018470514176203406,0.0,0.20979824879857006,3.786738614260126e-05,1.156602437609012,0.005000000001939876
0.343,0.01849359109928033,0.0,0.21097472188893202,3.6655167841244105e-05,1.1583224789316746,0.005000000001761287
0.34400000000000003,0.01851666802235725,0.0,0.21218481427870367,3.549720515031971e-05,1.1600422329328282,0.005000000001601368
0.34500000000000003,0.018539744945434176,0.0,0.2134285510718177,3.439054082581366e-05,1.161761701829589,0.005000000001457962
0.34600000000000003,0.018562821868511097,0.0,0.2147059610692014,3.333221762371156e-05,1.1634808878390732,0.0050000000013291634
0.34700000000000003,0.01858589879158802,0.0,0.21601707660365135,3.2319278299999006e-05,1.1651997931783973,0.00500000000121328
0.34800000000000003,0.018608975714664945,0.0,0.21736193337558554,3.134876561066163e-05,1.1669184200646774,0.005000000001108815
0.34900000000000003,0.01863205263774187,0.0,0.21874047678132244,3.041968298783256e-05,1.1686367715874544,0.005000000001014656
0.35000000000000003,0.01865512956081879,0.0,0.22015197560511615,2.9540415724945573e-05,1.1703548571457703,0.005000000000930736
0.35100000000000003,0.018678206483895714,0.0,0.22159691845562113,2.8695455085532137e-05,1.1720726747640435,0.005000000000854603
0.352,0.018701283406972635,0.0,0.22307528990915207,2.788391045883877e-05,1.1737902272010328,0.00500000000078553
0.353,0.01872436033004956,0.0,0.224587076156306,2.710489123411185e-05,1.1755075172154956,0.005000000000722856
0.354,0.01874743725312648,0.0,0.22613226481033147,2.6357506800597886e-05,1.1772245475661907,0.005000000000665979
0.355,0.018770514176203405,0.0,0.22771084471851064,2.5640866547543345e-05,1.1789413210118758,0.005000000000614354
0.356,0.01879359109928033,0.0,0.2293228057746786,2.4954079864194697e-05,1.180657840311309,0.0050000000005674845
0.357,0.01881666802235725,0.0,0.23096813873424976,2.4296256139798407e-05,1.1823741082232488,0.0050000000005249205
0.358,0.018839744945434174,0.0,0.2326468350312747,2.3666504763600943e-05,1.184090127506453,0.0050000000004862535
0.359,0.018862821868511098,0.0,0.23435888659692142,2.3063935124848767e-05,1.1858059009196797,0.005000000000451113
0.36,0.01888589879158802,0.0,0.23610428568070033,2.2487656612788355e-05,1.1875214312216873,0.005000000000419166
0.361,0.018908975714664943,0.0,0.23788302467322966,2.1936778616666165e-05,1.189236721171234,0.005000000000390106
0.362,0.018932052637741868,0.0,0.23969509593111393,2.1410410525728666e-05,1.1909517735270776,0.005000000000363658
0.363,0.01895512956081879,0.0,0.24154049160382077,2.0907661729222336e-05,1.1926665910479761,0.005000000000339575
0.364,0.018978206483895713,0.0,0.24341920346249776,2.0427641616393624e-05,1.1943811764926882,0.005000000000317629
0.365,0.019001283406972637,0.0,0.2453312227309928,1.9969459576489005e-05,1.1960955326199718,0.005000000000297617
0.366,0.019024360330049558,0.0,0.24727653991855084,1.9532224998754954e-05,1.1978096621885848,0.005000000000279353
0.367,0.019047437253126482,0.0,0.24925514465486157,1.9115047272437923e-05,1.1995235679572855,0.005000000000262671
0.368,0.019070514176203403,0.0,0.251267025526782,1.8717035786784388e-05,1.201237252684832,0.0050000000002474185
0.369,0.019093591099280327,0.0,0.2533121699172933,1.8337299931040813e-05,1.2029507191299826,0.005000000000233458
0.37,0.01911666802235725,0.0,0.2553905638463383,1.7974949094453668e-05,1.2046639700514954,0.005000000000220666
0.371,0.019139744945434176,0.0,0.2575021918136266,1.7629092666269416e-05,1.2063770082081284,0.005000000000208927
0.372,0.019162821868511096,0.0,0.2596470366436187,1.7298840035734525e-05,1.2080898363586396,0.005000000000198141
0.373,0.01918589879158802,0.0,0.2618250793323596,1.6983300592095465e-05,1.2098024572617874,0.005000000000188214
0.374,0.01920897571466494,0.0,0.2640362988962178,1.6681583724598702e-05,1.21151487367633,0.005000000000179061
0.375,0.019232052637741866,0.0,0.2662806722229282,1.6392798822490694e-05,1.213227088361025,0.005000000000170605
0.376,0.01925512956081879,0.0,0.2685581739242975,1.611605527501792e-05,1.2149391040746311,0.005000000000162775
0.377,0.019278206483895714,0.0,0.27086877619109095,1.5850462471426845e-05,1.2166509235759064,0.0050000000001555085
0.378,0.019301283406972635,0.0,0.27321253346288144,1.5595371023778313e-05,1.218362548915581,0.0050000000001487535
0.379,0.01932436033004956,0.0,0.27558955602850027,1.535115918562287e-05,1.2200739816699167,0.005000000000142492
0.38,0.01934743725312648,0.0,0.2779997324084909,1.5117438400374347e-05,1.2217852252476944,0.005000000000136688
0.381,0.019370514176203404,0.0,0.28044306096604604,1.4893830383596372e-05,1.2234962821171504,0.005000000000131304
0.382,0.01939359109928033,0.0,0.28291953760395605,1.4679956850852576e-05,1.2252071547465213,0.005000000000126309
0.383,0.019416668022357253,0.0,0.2854291556442661,1.4475439517706595e-05,1.2269178456040437,0.005000000000121673
0.384,0.019439744945434174,0.0,0.28797190570988057,1.427990009972206e-05,1.2286283571579542,0.005000000000117368
0.385,0.019462821868511098,0.0,0.29054777560745276,1.4092960312462602e-05,1.2303386918764891,0.0050000000001133695
0.386,0.01948589879158802,0.0,0.2931567502119354,1.3914241871491854e-05,1.2320488522278852,0.005000000000109652
0.387,0.019508975714664943,0.0,0.295798811352828,1.3743366492373447e-05,1.233758840680379,0.005000000000106194
0.388,0.019532052637741867,0.0,0.29847393770189556,1.3579955890671016e-05,1.235468659702207,0.005000000000102975
0.389,0.01955512956081879,0.0,0.3011821071262598,1.3423633682546515e-05,1.2371783117420174,0.0050000000000999766
0.39,0.019578206483895712,1.0,0.30409633538706277,0.006947034493679402,1.23888642980338,0.005048838237307215
0.391,0.019601283406972637,1.0,0.3617048987602522,0.03057201103350338,1.2401815732264059,0.010601769473349013
0.392,0.019624360330049558,1.0,0.6107806942354546,0.0536349434980644,1.2403410118088165,0.03794199466343115
0.393,0.019647437253126482,1.0,1.0373888167460386,0.07614920309174697,1.2400039430548522,0.09952228163581636
0.394,0.019670514176203406,1.0,1.8333462247433485,0.09812784288046675,1.2388073441253311,0.19438898328299664
0.395,0.019693591099280327,1.0,2.9887850634555386,0.11958360529912718,1.2372676764466501,0.3088768563176704
0.396,0.01971666802235725,1.0,4.337493447058462,0.14052893001661426,1.2359107926727082,0.42572833616672195
0.397,0.019739744945434175,1.0,5.780155847875897,0.16097596021405816,1.2348360047177689,0.5320450578060909
0.398,0.019762821868511096,1.0,7.2406226929906286,0.18093654867248915,1.2340656646203956,0.6219194188016174
0.399,0.01978589879158802,1.0,8.659909627721126,0.2004222733651083,1.2335982686866267,0.6946902636610985
0.4,0.019808975714664945,1.0,9.998454423259055,0.21944442547888948,1.233415995853375,0.7523101658593228
